   0.0000000000000000        0.0000000000000000     
   1.0000000000000000E-002   1.0000000000000000E-002
   2.0000000000000000E-002   1.9899800000000002E-002
   2.9999999999999999E-002   2.9700009995919922E-002
   4.0000000000000001E-002   3.9401245714773207E-002
   5.0000000000000003E-002   4.9004128341297720E-002
   5.9999999999999998E-002   5.8509284248695760E-002
   7.0000000000000007E-002   6.7917344733522220E-002
   8.0000000000000002E-002   7.7228945754755696E-002
   8.9999999999999997E-002   8.6444727677083361E-002
  0.10000000000000001        9.5565335018426192E-002
  0.11000000000000000       0.10459141620172756     
  0.12000000000000000       0.11352362331102411     
  0.13000000000000000       0.12236261185181455     
  0.14000000000000001       0.13110904051573802     
  0.14999999999999999       0.13976357094957073     
  0.16000000000000000       0.14832686752854587     
  0.17000000000000001       0.15679959713399877     
  0.17999999999999999       0.16518242893533602     
  0.19000000000000000       0.17347603417632471     
  0.20000000000000001       0.18168108596569438     
  0.20999999999999999       0.18979825907204209     
  0.22000000000000000       0.19782822972302810     
  0.23000000000000001       0.20577167540884714     
  0.23999999999999999       0.21362927468995754     
  0.25000000000000000       0.22140170700904885     
  0.26000000000000001       0.22908965250722532     
  0.27000000000000002       0.23669379184438130     
  0.28000000000000003       0.24421480602374215     
  0.28999999999999998       0.25165337622054229     
  0.29999999999999999       0.25901018361481049     
  0.31000000000000000       0.26628590922823003     
  0.32000000000000001       0.27348123376504074     
  0.33000000000000002       0.28059683745694702     
  0.34000000000000002       0.28763339991199588     
  0.35000000000000003       0.29459159996738604     
  0.35999999999999999       0.30147211554616948     
  0.37000000000000000       0.30827562351780402     
  0.38000000000000000       0.31500279956251542     
  0.39000000000000001       0.32165431803942585     
  0.40000000000000002       0.32823085185840478     
  0.41000000000000003       0.33473307235559735     
  0.41999999999999998       0.34116164917258412     
  0.42999999999999999       0.34751725013912599     
  0.44000000000000000       0.35380054115944620     
  0.45000000000000001       0.36001218610200231     
  0.46000000000000002       0.36615284669269837     
  0.47000000000000003       0.37222318241148905     
  0.47999999999999998       0.37822385039232509     
  0.48999999999999999       0.38415550532639064     
  0.50000000000000000       0.39001879936858158     
  0.51000000000000001       0.39581438204717395     
  0.52000000000000002       0.40154290017663141     
  0.53000000000000003       0.40720499777350055     
  0.54000000000000004       0.41280131597534209     
  0.55000000000000004       0.41833249296264674     
  0.56000000000000005       0.42379916388368361     
  0.57000000000000006       0.42920196078222977     
  0.57999999999999996       0.43454151252812884     
  0.58999999999999997       0.43981844475062709     
  0.59999999999999998       0.44503337977443508     
  0.60999999999999999       0.45018693655846381     
  0.62000000000000000       0.45527973063718341     
  0.63000000000000000       0.46031237406455344     
  0.64000000000000001       0.46528547536047404     
  0.65000000000000002       0.47019963945970644     
  0.66000000000000003       0.47505546766321333     
  0.67000000000000004       0.47985355759186776     
  0.68000000000000005       0.48459450314248192     
  0.69000000000000006       0.48927889444610528     
  0.70000000000000007       0.49390731782854341     
  0.70999999999999996       0.49848035577304883     
  0.71999999999999997       0.50299858688513510     
  0.72999999999999998       0.50746258585946691     
  0.73999999999999999       0.51187292344877788     
  0.75000000000000000       0.51623016643477015     
  0.76000000000000001       0.52053487760094796     
  0.77000000000000002       0.52478761570734045     
  0.78000000000000003       0.52898893546706749     
  0.79000000000000004       0.53313938752470369     
  0.80000000000000004       0.53723951843639617     
  0.81000000000000005       0.54128987065169265     
  0.82000000000000006       0.54529098249703545     
  0.83000000000000007       0.54924338816087992     
  0.83999999999999997       0.55314761768039422     
  0.84999999999999998       0.55700419692969927     
  0.85999999999999999       0.56081364760960772     
  0.87000000000000000       0.56457648723882126     
  0.88000000000000000       0.56829322914654723     
  0.89000000000000001       0.57196438246649417     
  0.90000000000000002       0.57559045213220872     
  0.91000000000000003       0.57917193887371510     
  0.92000000000000004       0.58270933921542045     
  0.93000000000000005       0.58620314547524854     
  0.94000000000000006       0.58965384576496593     
  0.95000000000000007       0.59306192399166546     
  0.95999999999999996       0.59642785986037139     
  0.96999999999999997       0.59975212887773244     
  0.97999999999999998       0.60303520235676833     
  0.98999999999999999       0.60627754742263773     
   1.0000000000000000       0.60947962701939373     
   1.0100000000000000       0.61264189991769635     
   1.0200000000000000       0.61576482072344985     
   1.0300000000000000       0.61884883988733419     
   1.0400000000000000       0.62189440371520099     
   1.0500000000000000       0.62490195437930440     
   1.0600000000000001       0.62787192993033725     
   1.0700000000000001       0.63080476431024501     
   1.0800000000000001       0.63370088736578956     
   1.0900000000000001       0.63656072486283533     
   1.1000000000000001       0.63938469850133117     
   1.1100000000000001       0.64217322593096260     
   1.1200000000000001       0.64492672076744784     
   1.1300000000000001       0.64764559260945365     
   1.1400000000000001       0.65033024705610620     
   1.1500000000000001       0.65298108572507307     
   1.1599999999999999       0.65559850627119298     
   1.1699999999999999       0.65818290240563104     
   1.1799999999999999       0.66073466391553648     
   1.1899999999999999       0.66325417668418196     
   1.2000000000000000       0.66574182271156213     
   1.2100000000000000       0.66819798013543186     
   1.2200000000000000       0.67062302325276335     
   1.2300000000000000       0.67301732254160240     
   1.2400000000000000       0.67538124468330429     
   1.2500000000000000       0.67771515258513126     
   1.2600000000000000       0.68001940540319294     
   1.2700000000000000       0.68229435856571119     
   1.2800000000000000       0.68454036379659289     
   1.2900000000000000       0.68675776913929343     
   1.3000000000000000       0.68894691898095417     
   1.3100000000000001       0.69110815407679793     
   1.3200000000000001       0.69324181157476705     
   1.3300000000000001       0.69534822504038840     
   1.3400000000000001       0.69742772448185086     
   1.3500000000000001       0.69948063637528046     
   1.3600000000000001       0.70150728369019977     
   1.3700000000000001       0.70350798591515695     
   1.3800000000000001       0.70548305908351261     
   1.3900000000000001       0.70743281579936979     
   1.4000000000000001       0.70935756526363647     
   1.4099999999999999       0.71125761330020665     
   1.4199999999999999       0.71313326238224961     
   1.4299999999999999       0.71498481165859518     
   1.4399999999999999       0.71681255698020430     
   1.4500000000000000       0.71861679092671327     
   1.4600000000000000       0.72039780283304256     
   1.4700000000000000       0.72215587881605880     
   1.4800000000000000       0.72389130180128103     
   1.4900000000000000       0.72560435154962111     
   1.5000000000000000       0.72729530468414938     
   1.5100000000000000       0.72896443471687666     
   1.5200000000000000       0.73061201207554372     
   1.5300000000000000       0.73223830413041013     
   1.5400000000000000       0.73384357522103449     
   1.5500000000000000       0.73542808668303772     
   1.5600000000000001       0.73699209687484279     
   1.5700000000000001       0.73853586120438242     
   1.5800000000000001       0.74005963215576875     
   1.5900000000000001       0.74156365931591806     
   1.6000000000000001       0.74304818940112283     
   1.6100000000000001       0.74451346628356707     
   1.6200000000000001       0.74595973101777624     
   1.6300000000000001       0.74738722186699824     
   1.6400000000000001       0.74879617432950807     
   1.6500000000000001       0.75018682116483193     
   1.6600000000000001       0.75155939241988479     
   1.6699999999999999       0.75291411545501685     
   1.6799999999999999       0.75425121496996383     
   1.6899999999999999       0.75557091302969681     
   1.7000000000000000       0.75687342909016675     
   1.7100000000000000       0.75815898002393967     
   1.7200000000000000       0.75942778014571843     
   1.7300000000000000       0.76068004123774713     
   1.7400000000000000       0.76191597257509469     
   1.7500000000000000       0.76313578095081369     
   1.7600000000000000       0.76433967070097075     
   1.7700000000000000       0.76552784372954652     
   1.7800000000000000       0.76670049953320063     
   1.7900000000000000       0.76785783522589968     
   1.8000000000000000       0.76900004556340507     
   1.8100000000000001       0.77012732296761799     
   1.8200000000000001       0.77123985755077928     
   1.8300000000000001       0.77233783713952164     
   1.8400000000000001       0.77342144729877171     
   1.8500000000000001       0.77449087135550054     
   1.8600000000000001       0.77554629042231948     
   1.8700000000000001       0.77658788342092067     
   1.8800000000000001       0.77761582710535904     
   1.8900000000000001       0.77863029608517598     
   1.9000000000000001       0.77963146284836082     
   1.9100000000000001       0.78061949778415107     
   1.9199999999999999       0.78159456920566805     
   1.9299999999999999       0.78255684337238773     
   1.9399999999999999       0.78350648451244598     
   1.9500000000000000       0.78444365484477541     
   1.9600000000000000       0.78536851460107515     
   1.9700000000000000       0.78628122204761097     
   1.9800000000000000       0.78718193350684551     
   1.9900000000000000       0.78807080337889790     
   2.0000000000000000       0.78894798416283241     
   2.0100000000000002       0.78981362647777487     
   2.0200000000000000       0.79066787908385716     
   2.0300000000000002       0.79151088890298871     
   2.0400000000000000       0.79234280103945487     
   2.0499999999999998       0.79316375880034218     
   2.0600000000000001       0.79397390371579013     
   2.0699999999999998       0.79477337555906880     
   2.0800000000000001       0.79556231236648300     
   2.0899999999999999       0.79634085045710234     
   2.1000000000000001       0.79710912445231785     
   2.1099999999999999       0.79786726729522439     
   2.1200000000000001       0.79861541026982985     
   2.1299999999999999       0.79935368302009069     
   2.1400000000000001       0.80008221356877418     
   2.1499999999999999       0.80080112833614825     
   2.1600000000000001       0.80151055215849787     
   2.1699999999999999       0.80221060830647006     
   2.1800000000000002       0.80290141850324648     
   2.1899999999999999       0.80358310294254498     
   2.2000000000000002       0.80425578030644995     
   2.2100000000000000       0.80491956778307283     
   2.2200000000000002       0.80557458108404190     
   2.2300000000000000       0.80622093446182397     
   2.2400000000000002       0.80685874072687669     
   2.2500000000000000       0.80748811126463316     
   2.2600000000000002       0.80810915605231937     
   2.2700000000000000       0.80872198367560499     
   2.2800000000000002       0.80932670134508855     
   2.2900000000000000       0.80992341491261743     
   2.3000000000000003       0.81051222888744379     
   2.3100000000000001       0.81109324645221714     
   2.3199999999999998       0.81166656947881421     
   2.3300000000000001       0.81223229854400703     
   2.3399999999999999       0.81279053294497083     
   2.3500000000000001       0.81334137071463120     
   2.3599999999999999       0.81388490863685292     
   2.3700000000000001       0.81442124226147072     
   2.3799999999999999       0.81495046591916254     
   2.3900000000000001       0.81547267273616719     
   2.3999999999999999       0.81598795464884655     
   2.4100000000000001       0.81649640241809407     
   2.4199999999999999       0.81699810564358977     
   2.4300000000000002       0.81749315277790346     
   2.4399999999999999       0.81798163114044686     
   2.4500000000000002       0.81846362693127606     
   2.4600000000000000       0.81893922524474427     
   2.4700000000000002       0.81940851008300786     
   2.4800000000000000       0.81987156436938491     
   2.4900000000000002       0.82032846996156805     
   2.5000000000000000       0.82077930766469342     
   2.5100000000000002       0.82122415724426545     
   2.5200000000000000       0.82166309743893973     
   2.5300000000000002       0.82209620597316446     
   2.5400000000000000       0.82252355956968193     
   2.5500000000000003       0.82294523396189079     
   2.5600000000000001       0.82336130390607065     
   2.5699999999999998       0.82377184319347019     
   2.5800000000000001       0.82417692466225878     
   2.5899999999999999       0.82457662020934475     
   2.6000000000000001       0.82497100080205954     
   2.6099999999999999       0.82536013648971029     
   2.6200000000000001       0.82574409641500057     
   2.6299999999999999       0.82612294882532211     
   2.6400000000000001       0.82649676108391723     
   2.6499999999999999       0.82686559968091367     
   2.6600000000000001       0.82722953024423318     
   2.6699999999999999       0.82758861755037461     
   2.6800000000000002       0.82794292553507298     
   2.6899999999999999       0.82829251730383513     
   2.7000000000000002       0.82863745514235376     
   2.7100000000000000       0.82897780052680059     
   2.7200000000000002       0.82931361413400007     
   2.7300000000000000       0.82964495585148412     
   2.7400000000000002       0.82997188478742967     
   2.7500000000000000       0.83029445928048018     
   2.7600000000000002       0.83061273690945170     
   2.7700000000000000       0.83092677450292474     
   2.7800000000000002       0.83123662814872379     
   2.7900000000000000       0.83154235320328440     
   2.8000000000000003       0.83184400430090988     
   2.8100000000000001       0.83214163536291808     
   2.8199999999999998       0.83243529960667995     
   2.8300000000000001       0.83272504955455062     
   2.8399999999999999       0.83301093704269391     
   2.8500000000000001       0.83329301322980143     
   2.8599999999999999       0.83357132860570826     
   2.8700000000000001       0.83384593299990417     
   2.8799999999999999       0.83411687558994418     
   2.8900000000000001       0.83438420490975684     
   2.8999999999999999       0.83464796885785353     
   2.9100000000000001       0.83490821470543786     
   2.9199999999999999       0.83516498910441828     
   2.9300000000000002       0.83541833809532251     
   2.9399999999999999       0.83566830711511741     
   2.9500000000000002       0.83591494100493291     
   2.9600000000000000       0.83615828401769299     
   2.9700000000000002       0.83639837982565324     
   2.9800000000000000       0.83663527152784678     
   2.9900000000000002       0.83686900165743938     
   3.0000000000000000       0.83709961218899476     
   3.0100000000000002       0.83732714454565083     
   3.0200000000000000       0.83755163960620838     
   3.0300000000000002       0.83777313771213224     
   3.0400000000000000       0.83799167867446689     
   3.0500000000000003       0.83820730178066694     
   3.0600000000000001       0.83842004580134344     
   3.0700000000000003       0.83862994899692700     
   3.0800000000000001       0.83883704912424850     
   3.0899999999999999       0.83904138344303902     
   3.1000000000000001       0.83924298872234859     
   3.1099999999999999       0.83944190124688589     
   3.1200000000000001       0.83963815682327902     
   3.1299999999999999       0.83983179078625902     
   3.1400000000000001       0.84002283800476596     
   3.1499999999999999       0.84021133288797911     
   3.1600000000000001       0.84039730939127255     
   3.1699999999999999       0.84058080102209565     
   3.1800000000000002       0.84076184084578076     
   3.1899999999999999       0.84094046149127821     
   3.2000000000000002       0.84111669515681908     
   3.2100000000000000       0.84129057361550785     
   3.2200000000000002       0.84146212822084421     
   3.2300000000000000       0.84163138991217590     
   3.2400000000000002       0.84179838922008310     
   3.2500000000000000       0.84196315627169527     
   3.2600000000000002       0.84212572079594028     
   3.2700000000000000       0.84228611212872873     
   3.2800000000000002       0.84244435921807159     
   3.2900000000000000       0.84260049062913422     
   3.3000000000000003       0.84275453454922600     
   3.3100000000000001       0.84290651879272716     
   3.3200000000000003       0.84305647080595336     
   3.3300000000000001       0.84320441767195820     
   3.3399999999999999       0.84335038611527557     
   3.3500000000000001       0.84349440250660124     
   3.3599999999999999       0.84363649286741527     
   3.3700000000000001       0.84377668287454588     
   3.3799999999999999       0.84391499786467483     
   3.3900000000000001       0.84405146283878618     
   3.3999999999999999       0.84418610246655768     
   3.4100000000000001       0.84431894109069672     
   3.4199999999999999       0.84445000273122073     
   3.4300000000000002       0.84457931108968298     
   3.4399999999999999       0.84470688955334472     
   3.4500000000000002       0.84483276119929351     
   3.4600000000000000       0.84495694879850936     
   3.4700000000000002       0.84507947481987844     
   3.4800000000000000       0.84520036143415600     
   3.4900000000000002       0.84531963051787762     
   3.5000000000000000       0.84543730365722103     
   3.5100000000000002       0.84555340215181840     
   3.5200000000000000       0.84566794701851922     
   3.5300000000000002       0.84578095899510497     
   3.5400000000000000       0.84589245854395656     
   3.5500000000000003       0.84600246585567396     
   3.5600000000000001       0.84611100085264945     
   3.5700000000000003       0.84621808319259517     
   3.5800000000000001       0.84632373227202495     
   3.5899999999999999       0.84642796722969105     
   3.6000000000000001       0.84653080694997695     
   3.6099999999999999       0.84663227006624642     
   3.6200000000000001       0.84673237496414888     
   3.6299999999999999       0.84683113978488256     
   3.6400000000000001       0.84692858242841496     
   3.6499999999999999       0.84702472055666245     
   3.6600000000000001       0.84711957159662765     
   3.6699999999999999       0.84721315274349729     
   3.6800000000000002       0.84730548096369918     
   3.6899999999999999       0.84739657299791993     
   3.7000000000000002       0.84748644536408346     
   3.7100000000000000       0.84757511436029098     
   3.7200000000000002       0.84766259606772232     
   3.7300000000000000       0.84774890635350053     
   3.7400000000000002       0.84783406087351842     
   3.7500000000000000       0.84791807507522865     
   3.7600000000000002       0.84800096420039783     
   3.7700000000000000       0.84808274328782429     
   3.7800000000000002       0.84816342717602089     
   3.7900000000000000       0.84824303050586269     
   3.8000000000000003       0.84832156772320055     
   3.8100000000000001       0.84839905308143981     
   3.8200000000000003       0.84847550064408650     
   3.8300000000000001       0.84855092428725920     
   3.8399999999999999       0.84862533770216908     
   3.8500000000000001       0.84869875439756715     
   3.8599999999999999       0.84877118770215954     
   3.8700000000000001       0.84884265076699128     
   3.8799999999999999       0.84891315656779909     
   3.8900000000000001       0.84898271790733326     
   3.8999999999999999       0.84905134741764932     
   3.9100000000000001       0.84911905756236938     
   3.9199999999999999       0.84918586063891444     
   3.9300000000000002       0.84925176878070718     
   3.9399999999999999       0.84931679395934578     
   3.9500000000000002       0.84938094798674957     
   3.9600000000000000       0.84944424251727635     
   3.9700000000000002       0.84950668904981208     
   3.9800000000000000       0.84956829892983321     
   3.9900000000000002       0.84962908335144183     
   4.0000000000000000       0.84968905335937417     
   4.0099999999999998       0.84974821985098292     
   4.0200000000000005       0.84980659357819321     
   4.0300000000000002       0.84986418514943329     
   4.0400000000000000       0.84992100503153956     
   4.0499999999999998       0.84997706355163649     
   4.0600000000000005       0.85003237089899242     
   4.0700000000000003       0.85008693712685013     
   4.0800000000000001       0.85014077215423423     
   4.0899999999999999       0.85019388576773391     
   4.0999999999999996       0.85024628762326293     
   4.1100000000000003       0.85029798724779604     
   4.1200000000000001       0.85034899404108277     
   4.1299999999999999       0.85039931727733853     
   4.1399999999999997       0.85044896610691356     
   4.1500000000000004       0.85049794955793978     
   4.1600000000000001       0.85054627653795589     
   4.1699999999999999       0.85059395583551112     
   4.1799999999999997       0.85064099612174815     
   4.1900000000000004       0.85068740595196468     
   4.2000000000000002       0.85073319376715451     
   4.2100000000000000       0.85077836789552841     
   4.2199999999999998       0.85082293655401520     
   4.2300000000000004       0.85086690784974228     
   4.2400000000000002       0.85091028978149730     
   4.2500000000000000       0.85095309024117027     
   4.2599999999999998       0.85099531701517661     
   4.2700000000000005       0.85103697778586129     
   4.2800000000000002       0.85107808013288488     
   4.2900000000000000       0.85111863153459066     
   4.2999999999999998       0.85115863936935410     
   4.3100000000000005       0.85119811091691433     
   4.3200000000000003       0.85123705335968813     
   4.3300000000000001       0.85127547378406632     
   4.3399999999999999       0.85131337918169303     
   4.3500000000000005       0.85135077645072854     
   4.3600000000000003       0.85138767239709479     
   4.3700000000000001       0.85142407373570439     
   4.3799999999999999       0.85145998709167392     
   4.3899999999999997       0.85149541900152093     
   4.4000000000000004       0.85153037591434455     
   4.4100000000000001       0.85156486419299149     
   4.4199999999999999       0.85159889011520551     
   4.4299999999999997       0.85163245987476255     
   4.4400000000000004       0.85166557958259026     
   4.4500000000000002       0.85169825526787291     
   4.4600000000000000       0.85173049287914149     
   4.4699999999999998       0.85176229828534977     
   4.4800000000000004       0.85179367727693556     
   4.4900000000000002       0.85182463556686827     
   4.5000000000000000       0.85185517879168238     
   4.5099999999999998       0.85188531251249711     
   4.5200000000000005       0.85191504221602310     
   4.5300000000000002       0.85194437331555506     
   4.5400000000000000       0.85197331115195141     
   4.5499999999999998       0.85200186099460140     
   4.5600000000000005       0.85203002804237882     
   4.5700000000000003       0.85205781742458320     
   4.5800000000000001       0.85208523420186866     
   4.5899999999999999       0.85211228336716027     
   4.6000000000000005       0.85213896984655824     
   4.6100000000000003       0.85216529850023037     
   4.6200000000000001       0.85219127412329210     
   4.6299999999999999       0.85221690144667539     
   4.6399999999999997       0.85224218513798589     
   4.6500000000000004       0.85226712980234853     
   4.6600000000000001       0.85229173998324204     
   4.6699999999999999       0.85231602016332231     
   4.6799999999999997       0.85233997476523504     
   4.6900000000000004       0.85236360815241707     
   4.7000000000000002       0.85238692462988774     
   4.7100000000000000       0.85240992844502883     
   4.7199999999999998       0.85243262378835527     
   4.7300000000000004       0.85245501479427432     
   4.7400000000000002       0.85247710554183576     
   4.7500000000000000       0.85249890005547146     
   4.7599999999999998       0.85252040230572512     
   4.7700000000000005       0.85254161620997282     
   4.7800000000000002       0.85256254563313327     
   4.7900000000000000       0.85258319438836905     
   4.7999999999999998       0.85260356623777844     
   4.8100000000000005       0.85262366489307795     
   4.8200000000000003       0.85264349401627582     
   4.8300000000000001       0.85266305722033653     
   4.8399999999999999       0.85268235806983650     
   4.8500000000000005       0.85270140008161111     
   4.8600000000000003       0.85272018672539274     
   4.8700000000000001       0.85273872142444085     
   4.8799999999999999       0.85275700755616324     
   4.8899999999999997       0.85277504845272933     
   4.9000000000000004       0.85279284740167494     
   4.9100000000000001       0.85281040764649929     
   4.9199999999999999       0.85282773238725396     
   4.9299999999999997       0.85284482478112389     
   4.9400000000000004       0.85286168794300077     
   4.9500000000000002       0.85287832494604876     
   4.9600000000000000       0.85289473882226274     
   4.9699999999999998       0.85291093256301875     
   4.9800000000000004       0.85292690911961755     
   4.9900000000000002       0.85294267140382063     
   5.0000000000000000       0.85295822228837948     
   5.0099999999999998       0.85297356460755702     
   5.0200000000000005       0.85298870115764280     
   5.0300000000000002       0.85300363469746121     
   5.0400000000000000       0.85301836794887242     
   5.0499999999999998       0.85303290359726736     
   5.0600000000000005       0.85304724429205547     
   5.0700000000000003       0.85306139264714642     
   5.0800000000000001       0.85307535124142475     
   5.0899999999999999       0.85308912261921910     
   5.1000000000000005       0.85310270929076448     
   5.1100000000000003       0.85311611373265839     
   5.1200000000000001       0.85312933838831118     
   5.1299999999999999       0.85314238566839029     
   5.1399999999999997       0.85315525795125846     
   5.1500000000000004       0.85316795758340613     
   5.1600000000000001       0.85318048687987802     
   5.1699999999999999       0.85319284812469409     
   5.1799999999999997       0.85320504357126492     
   5.1900000000000004       0.85321707544280134     
   5.2000000000000002       0.85322894593271903     
   5.2100000000000000       0.85324065720503695     
   5.2199999999999998       0.85325221139477125     
   5.2300000000000004       0.85326361060832345     
   5.2400000000000002       0.85327485692386351     
   5.2500000000000000       0.85328595239170801     
   5.2599999999999998       0.85329689903469286     
   5.2700000000000005       0.85330769884854152     
   5.2800000000000002       0.85331835380222776     
   5.2900000000000000       0.85332886583833401     
   5.2999999999999998       0.85333923687340474     
   5.3100000000000005       0.85334946879829532     
   5.3200000000000003       0.85335956347851571     
   5.3300000000000001       0.85336952275457012     
   5.3399999999999999       0.85337934844229169     
   5.3500000000000005       0.85338904233317314     
   5.3600000000000003       0.85339860619469277     
   5.3700000000000001       0.85340804177063578     
   5.3799999999999999       0.85341735078141179     
   5.3899999999999997       0.85342653492436815     
   5.4000000000000004       0.85343559587409845     
   5.4100000000000001       0.85344453528274755     
   5.4199999999999999       0.85345335478031215     
   5.4299999999999997       0.85346205597493752     
   5.4400000000000004       0.85347064045321019     
   5.4500000000000002       0.85347910978044683     
   5.4600000000000000       0.85348746550097909     
   5.4699999999999998       0.85349570913843475     
   5.4800000000000004       0.85350384219601494     
   5.4900000000000002       0.85351186615676811     
   5.5000000000000000       0.85351978248385962     
   5.5099999999999998       0.85352759262083844     
   5.5200000000000005       0.85353529799189976     
   5.5300000000000002       0.85354290000214450     
   5.5400000000000000       0.85355040003783489     
   5.5499999999999998       0.85355779946664700     
   5.5600000000000005       0.85356509963791982     
   5.5700000000000003       0.85357230188290079     
   5.5800000000000001       0.85357940751498840     
   5.5899999999999999       0.85358641782997124     
   5.6000000000000005       0.85359333410626392     
   5.6100000000000003       0.85360015760513996     
   5.6200000000000001       0.85360688957096154     
   5.6299999999999999       0.85361353123140593     
   5.6399999999999997       0.85362008379768917     
   5.6500000000000004       0.85362654846478669     
   5.6600000000000001       0.85363292641165101     
   5.6699999999999999       0.85363921880142624     
   5.6799999999999997       0.85364542678166011     
   5.6900000000000004       0.85365155148451299     
   5.7000000000000002       0.85365759402696406     
   5.7100000000000000       0.85366355551101458     
   5.7199999999999998       0.85366943702388898     
   5.7300000000000004       0.85367523963823277     
   5.7400000000000002       0.85368096441230767     
   5.7500000000000000       0.85368661239018473     
   5.7599999999999998       0.85369218460193441     
   5.7700000000000005       0.85369768206381424     
   5.7800000000000002       0.85370310577845387     
   5.7900000000000000       0.85370845673503781     
   5.7999999999999998       0.85371373590948563     
   5.8100000000000005       0.85371894426462969     
   5.8200000000000003       0.85372408275039080     
   5.8300000000000001       0.85372915230395086     
   5.8399999999999999       0.85373415384992413     
   5.8500000000000005       0.85373908830052514     
   5.8600000000000003       0.85374395655573543     
   5.8700000000000001       0.85374875950346718     
   5.8799999999999999       0.85375349801972511     
   5.8899999999999997       0.85375817296876599     
   5.9000000000000004       0.85376278520325644     
   5.9100000000000001       0.85376733556442785     
   5.9199999999999999       0.85377182488223002     
   5.9299999999999997       0.85377625397548229     
   5.9400000000000004       0.85378062365202267     
   5.9500000000000002       0.85378493470885519     
   5.9600000000000000       0.85378918793229508     
   5.9699999999999998       0.85379338409811201     
   5.9800000000000004       0.85379752397167152     
   5.9900000000000002       0.85380160830807450     
   6.0000000000000000       0.85380563785229480     
   6.0099999999999998       0.85380961333931515     
   6.0200000000000005       0.85381353549426076     
   6.0300000000000002       0.85381740503253178     
   6.0400000000000000       0.85382122265993354     
   6.0499999999999998       0.85382498907280524     
   6.0600000000000005       0.85382870495814689     
   6.0700000000000003       0.85383237099374443     
   6.0800000000000001       0.85383598784829340     
   6.0899999999999999       0.85383955618152074     
   6.1000000000000005       0.85384307664430503     
   6.1100000000000003       0.85384654987879516     
   6.1200000000000001       0.85384997651852734     
   6.1299999999999999       0.85385335718854072     
   6.1400000000000006       0.85385669250549101     
   6.1500000000000004       0.85385998307776323     
   6.1600000000000001       0.85386322950558247     
   6.1699999999999999       0.85386643238112325     
   6.1799999999999997       0.85386959228861747     
   6.1900000000000004       0.85387270980446106     
   6.2000000000000002       0.85387578549731880     
   6.2100000000000000       0.85387881992822823     
   6.2199999999999998       0.85388181365070193     
   6.2300000000000004       0.85388476721082807     
   6.2400000000000002       0.85388768114737046     
   6.2500000000000000       0.85389055599186625     
   6.2599999999999998       0.85389339226872341     
   6.2700000000000005       0.85389619049531584     
   6.2800000000000002       0.85389895118207781     
   6.2900000000000000       0.85390167483259738     
   6.2999999999999998       0.85390436194370756     
   6.3100000000000005       0.85390701300557748     
   6.3200000000000003       0.85390962850180152     
   6.3300000000000001       0.85391220890948738     
   6.3399999999999999       0.85391475469934319     
   6.3500000000000005       0.85391726633576326     
   6.3600000000000003       0.85391974427691297     
   6.3700000000000001       0.85392218897481198     
   6.3799999999999999       0.85392460087541677     
   6.3900000000000006       0.85392698041870208     
   6.4000000000000004       0.85392932803874100     
   6.4100000000000001       0.85393164416378420     
   6.4199999999999999       0.85393392921633782     
   6.4299999999999997       0.85393618361324075     
   6.4400000000000004       0.85393840776574048     
   6.4500000000000002       0.85394060207956812     
   6.4600000000000000       0.85394276695501237     
   6.4699999999999998       0.85394490278699264     
   6.4800000000000004       0.85394700996513095     
   6.4900000000000002       0.85394908887382281     
   6.5000000000000000       0.85395113989230775     
   6.5099999999999998       0.85395316339473792     
   6.5200000000000005       0.85395515975024683     
   6.5300000000000002       0.85395712932301626     
   6.5400000000000000       0.85395907247234293     
   6.5499999999999998       0.85396098955270383     
   6.5600000000000005       0.85396288091382111     
   6.5700000000000003       0.85396474690072566     
   6.5800000000000001       0.85396658785381996     
   6.5899999999999999       0.85396840410894037     
   6.6000000000000005       0.85397019599741819     
   6.6100000000000003       0.85397196384614027     
   6.6200000000000001       0.85397370797760841     
   6.6299999999999999       0.85397542870999832     
   6.6400000000000006       0.85397712635721745     
   6.6500000000000004       0.85397880122896264     
   6.6600000000000001       0.85398045363077613     
   6.6699999999999999       0.85398208386410146     
   6.6799999999999997       0.85398369222633874     
   6.6900000000000004       0.85398527901089827     
   6.7000000000000002       0.85398684450725459     
   6.7100000000000000       0.85398838900099916     
   6.7199999999999998       0.85398991277389213     
   6.7300000000000004       0.85399141610391405     
   6.7400000000000002       0.85399289926531652     
   6.7500000000000000       0.85399436252867222     
   6.7599999999999998       0.85399580616092396     
   6.7700000000000005       0.85399723042543385     
   6.7800000000000002       0.85399863558203093     
   6.7900000000000000       0.85400002188705870     
   6.7999999999999998       0.85400138959342187     
   6.8100000000000005       0.85400273895063261     
   6.8200000000000003       0.85400407020485591     
   6.8300000000000001       0.85400538359895439     
   6.8399999999999999       0.85400667937253283     
   6.8500000000000005       0.85400795776198168     
   6.8600000000000003       0.85400921900052029     
   6.8700000000000001       0.85401046331823938     
   6.8799999999999999       0.85401169094214291     
   6.8900000000000006       0.85401290209618974     
   6.9000000000000004       0.85401409700133435     
   6.9100000000000001       0.85401527587556703     
   6.9199999999999999       0.85401643893395374     
   6.9299999999999997       0.85401758638867531     
   6.9400000000000004       0.85401871844906629     
   6.9500000000000002       0.85401983532165282     
   6.9600000000000000       0.85402093721019068     
   6.9699999999999998       0.85402202431570207     
   6.9800000000000004       0.85402309683651245     
   6.9900000000000002       0.85402415496828687     
   7.0000000000000000       0.85402519890406536     
   7.0099999999999998       0.85402622883429846     
   7.0200000000000005       0.85402724494688165     
   7.0300000000000002       0.85402824742718975     
   7.0400000000000000       0.85402923645811069     
   7.0499999999999998       0.85403021222007913     
   7.0600000000000005       0.85403117489110902     
   7.0700000000000003       0.85403212464682621     
   7.0800000000000001       0.85403306166050041     
   7.0899999999999999       0.85403398610307701     
   7.1000000000000005       0.85403489814320799     
   7.1100000000000003       0.85403579794728290     
   7.1200000000000001       0.85403668567945912     
   7.1299999999999999       0.85403756150169186     
   7.1400000000000006       0.85403842557376342     
   7.1500000000000004       0.85403927805331281     
   7.1600000000000001       0.85404011909586408     
   7.1699999999999999       0.85404094885485493     
   7.1799999999999997       0.85404176748166460     
   7.1900000000000004       0.85404257512564152     
   7.2000000000000002       0.85404337193413060     
   7.2100000000000000       0.85404415805250000     
   7.2199999999999998       0.85404493362416778     
   7.2300000000000004       0.85404569879062786     
   7.2400000000000002       0.85404645369147603     
   7.2500000000000000       0.85404719846443533     
   7.2599999999999998       0.85404793324538109     
   7.2700000000000005       0.85404865816836584     
   7.2800000000000002       0.85404937336564379     
   7.2900000000000000       0.85405007896769480     
   7.2999999999999998       0.85405077510324845     
   7.3100000000000005       0.85405146189930703     
   7.3200000000000003       0.85405213948116931     
   7.3300000000000001       0.85405280797245287     
   7.3399999999999999       0.85405346749511712     
   7.3500000000000005       0.85405411816948507     
   7.3600000000000003       0.85405476011426573     
   7.3700000000000001       0.85405539344657544     
   7.3799999999999999       0.85405601828195932     
   7.3900000000000006       0.85405663473441240     
   7.4000000000000004       0.85405724291640051     
   7.4100000000000001       0.85405784293888054     
   7.4199999999999999       0.85405843491132094     
   7.4299999999999997       0.85405901894172143     
   7.4400000000000004       0.85405959513663277     
   7.4500000000000002       0.85406016360117654     
   7.4600000000000000       0.85406072443906378     
   7.4699999999999998       0.85406127775261442     
   7.4800000000000004       0.85406182364277539     
   7.4900000000000002       0.85406236220913956     
   7.5000000000000000       0.85406289354996368     
   7.5099999999999998       0.85406341776218619     
   7.5200000000000005       0.85406393494144506     
   7.5300000000000002       0.85406444518209523     
   7.5400000000000000       0.85406494857722592     
   7.5499999999999998       0.85406544521867722     
   7.5600000000000005       0.85406593519705731     
   7.5700000000000003       0.85406641860175869     
   7.5800000000000001       0.85406689552097459     
   7.5899999999999999       0.85406736604171518     
   7.6000000000000005       0.85406783024982313     
   7.6100000000000003       0.85406828822998959     
   7.6200000000000001       0.85406874006576949     
   7.6299999999999999       0.85406918583959679     
   7.6400000000000006       0.85406962563279942     
   7.6500000000000004       0.85407005952561432     
   7.6600000000000001       0.85407048759720205     
   7.6699999999999999       0.85407090992566104     
   7.6799999999999997       0.85407132658804197     
   7.6900000000000004       0.85407173766036182     
   7.7000000000000002       0.85407214321761782     
   7.7100000000000000       0.85407254333380100     
   7.7199999999999998       0.85407293808190965     
   7.7300000000000004       0.85407332753396281     
   7.7400000000000002       0.85407371176101332     
   7.7500000000000000       0.85407409083316077     
   7.7599999999999998       0.85407446481956417     
   7.7700000000000005       0.85407483378845483     
   7.7800000000000002       0.85407519780714869     
   7.7900000000000000       0.85407555694205861     
   7.7999999999999998       0.85407591125870630     
   7.8100000000000005       0.85407626082173449     
   7.8200000000000003       0.85407660569491872     
   7.8300000000000001       0.85407694594117878     
   7.8399999999999999       0.85407728162259056     
   7.8500000000000005       0.85407761280039696     
   7.8600000000000003       0.85407793953501931     
   7.8700000000000001       0.85407826188606839     
   7.8799999999999999       0.85407857991235503     
   7.8900000000000006       0.85407889367190126     
   7.9000000000000004       0.85407920322195063     
   7.9100000000000001       0.85407950861897863     
   7.9199999999999999       0.85407980991870314     
   7.9300000000000006       0.85408010717609462     
   7.9400000000000004       0.85408040044538580     
   7.9500000000000002       0.85408068978008200     
   7.9600000000000000       0.85408097523297077     
   7.9699999999999998       0.85408125685613123     
   7.9800000000000004       0.85408153470094406     
   7.9900000000000002       0.85408180881810036     
   8.0000000000000000       0.85408207925761137     
   8.0099999999999998       0.85408234606881728     
   8.0199999999999996       0.85408260930039626     
   8.0299999999999994       0.85408286900037356     
   8.0400000000000009       0.85408312521613006     
   8.0500000000000007       0.85408337799441081     
   8.0600000000000005       0.85408362738133403     
   8.0700000000000003       0.85408387342239900     
   8.0800000000000001       0.85408411616249458     
   8.0899999999999999       0.85408435564590746     
   8.0999999999999996       0.85408459191633024     
   8.1099999999999994       0.85408482501686922     
   8.1200000000000010       0.85408505499005238     
   8.1300000000000008       0.85408528187783717     
   8.1400000000000006       0.85408550572161812     
   8.1500000000000004       0.85408572656223447     
   8.1600000000000001       0.85408594443997743     
   8.1699999999999999       0.85408615939459775     
   8.1799999999999997       0.85408637146531297     
   8.1899999999999995       0.85408658069081422     
   8.1999999999999993       0.85408678710927388     
   8.2100000000000009       0.85408699075835182     
   8.2200000000000006       0.85408719167520297     
   8.2300000000000004       0.85408738989648370     
   8.2400000000000002       0.85408758545835850     
   8.2500000000000000       0.85408777839650674     
   8.2599999999999998       0.85408796874612913     
   8.2699999999999996       0.85408815654195402     
   8.2799999999999994       0.85408834181824400     
   8.2900000000000009       0.85408852460880191     
   8.3000000000000007       0.85408870494697697     
   8.3100000000000005       0.85408888286567120     
   8.3200000000000003       0.85408905839734506     
   8.3300000000000001       0.85408923157402350     
   8.3399999999999999       0.85408940242730180     
   8.3499999999999996       0.85408957098835159     
   8.3599999999999994       0.85408973728792592     
   8.3700000000000010       0.85408990135636553     
   8.3800000000000008       0.85409006322360403     
   8.3900000000000006       0.85409022291917336     
   8.4000000000000004       0.85409038047220942     
   8.4100000000000001       0.85409053591145701     
   8.4199999999999999       0.85409068926527543     
   8.4299999999999997       0.85409084056164342     
   8.4399999999999995       0.85409098982816434     
   8.4499999999999993       0.85409113709207141     
   8.4600000000000009       0.85409128238023224     
   8.4700000000000006       0.85409142571915408     
   8.4800000000000004       0.85409156713498857     
   8.4900000000000002       0.85409170665353651     
   8.5000000000000000       0.85409184430025242     
   8.5099999999999998       0.85409198010024945     
   8.5199999999999996       0.85409211407830388     
   8.5299999999999994       0.85409224625885938     
   8.5400000000000009       0.85409237666603177     
   8.5500000000000007       0.85409250532361336     
   8.5600000000000005       0.85409263225507726     
   8.5700000000000003       0.85409275748358171     
   8.5800000000000001       0.85409288103197412     
   8.5899999999999999       0.85409300292279533     
   8.5999999999999996       0.85409312317828401     
   8.6099999999999994       0.85409324182038027     
   8.6200000000000010       0.85409335887073001     
   8.6300000000000008       0.85409347435068850     
   8.6400000000000006       0.85409358828132476     
   8.6500000000000004       0.85409370068342494     
   8.6600000000000001       0.85409381157749642     
   8.6699999999999999       0.85409392098377146     
   8.6799999999999997       0.85409402892221087     
   8.6899999999999995       0.85409413541250756     
   8.7000000000000011       0.85409424047409044     
   8.7100000000000009       0.85409434412612750     
   8.7200000000000006       0.85409444638752974     
   8.7300000000000004       0.85409454727695444     
   8.7400000000000002       0.85409464681280844     
   8.7500000000000000       0.85409474501325178     
   8.7599999999999998       0.85409484189620077     
   8.7699999999999996       0.85409493747933141     
   8.7799999999999994       0.85409503178008239     
   8.7900000000000009       0.85409512481565875     
   8.8000000000000007       0.85409521660303445     
   8.8100000000000005       0.85409530715895576     
   8.8200000000000003       0.85409539649994426     
   8.8300000000000001       0.85409548464230001     
   8.8399999999999999       0.85409557160210425     
   8.8499999999999996       0.85409565739522253     
   8.8599999999999994       0.85409574203730754     
   8.8700000000000010       0.85409582554380192     
   8.8800000000000008       0.85409590792994117     
   8.8900000000000006       0.85409598921075647     
   8.9000000000000004       0.85409606940107707     
   8.9100000000000001       0.85409614851553362     
   8.9199999999999999       0.85409622656856010     
   8.9299999999999997       0.85409630357439714     
   8.9399999999999995       0.85409637954709428     
   8.9500000000000011       0.85409645450051241     
   8.9600000000000009       0.85409652844832662     
   8.9700000000000006       0.85409660140402843     
   8.9800000000000004       0.85409667338092832     
   8.9900000000000002       0.85409674439215832     
   9.0000000000000000       0.85409681445067420     
   9.0099999999999998       0.85409688356925784     
   9.0199999999999996       0.85409695176051981     
   9.0299999999999994       0.85409701903690138     
   9.0400000000000009       0.85409708541067697     
   9.0500000000000007       0.85409715089395621     
   9.0600000000000005       0.85409721549868634     
   9.0700000000000003       0.85409727923665424     
   9.0800000000000001       0.85409734211948873     
   9.0899999999999999       0.85409740415866264     
   9.0999999999999996       0.85409746536549491     
   9.1099999999999994       0.85409752575115239     
   9.1200000000000010       0.85409758532665236     
   9.1300000000000008       0.85409764410286415     
   9.1400000000000006       0.85409770209051139     
   9.1500000000000004       0.85409775930017373     
   9.1600000000000001       0.85409781574228882     
   9.1699999999999999       0.85409787142715443     
   9.1799999999999997       0.85409792636493009     
   9.1899999999999995       0.85409798056563901     
   9.2000000000000011       0.85409803403917006     
   9.2100000000000009       0.85409808679527921     
   9.2200000000000006       0.85409813884359176     
   9.2300000000000004       0.85409819019360367     
   9.2400000000000002       0.85409824085468367     
   9.2500000000000000       0.85409829083607469     
   9.2599999999999998       0.85409834014689578     
   9.2699999999999996       0.85409838879614342     
   9.2799999999999994       0.85409843679269359     
   9.2900000000000009       0.85409848414530321     
   9.3000000000000007       0.85409853086261156     
   9.3100000000000005       0.85409857695314206     
   9.3200000000000003       0.85409862242530388     
   9.3300000000000001       0.85409866728739325     
   9.3399999999999999       0.85409871154759509     
   9.3499999999999996       0.85409875521398460     
   9.3599999999999994       0.85409879829452862     
   9.3700000000000010       0.85409884079708698     
   9.3800000000000008       0.85409888272941425     
   9.3900000000000006       0.85409892409916088     
   9.4000000000000004       0.85409896491387460     
   9.4100000000000001       0.85409900518100190     
   9.4199999999999999       0.85409904490788957     
   9.4299999999999997       0.85409908410178559     
   9.4399999999999995       0.85409912276984068     
   9.4500000000000011       0.85409916091910987     
   9.4600000000000009       0.85409919855655336     
   9.4700000000000006       0.85409923568903789     
   9.4800000000000004       0.85409927232333827     
   9.4900000000000002       0.85409930846613835     
   9.5000000000000000       0.85409934412403232     
   9.5099999999999998       0.85409937930352575     
   9.5199999999999996       0.85409941401103717     
   9.5299999999999994       0.85409944825289885     
   9.5400000000000009       0.85409948203535802     
   9.5500000000000007       0.85409951536457829     
   9.5600000000000005       0.85409954824664047     
   9.5700000000000003       0.85409958068754388     
   9.5800000000000001       0.85409961269320711     
   9.5899999999999999       0.85409964426946972     
   9.5999999999999996       0.85409967542209253     
   9.6099999999999994       0.85409970615675934     
   9.6200000000000010       0.85409973647907766     
   9.6300000000000008       0.85409976639457963     
   9.6400000000000006       0.85409979590872331     
   9.6500000000000004       0.85409982502689341     
   9.6600000000000001       0.85409985375440256     
   9.6699999999999999       0.85409988209649190     
   9.6799999999999997       0.85409991005833252     
   9.6899999999999995       0.85409993764502590     
   9.7000000000000011       0.85409996486160511     
   9.7100000000000009       0.85409999171303586     
   9.7200000000000006       0.85410001820421710     
   9.7300000000000004       0.85410004433998199     
   9.7400000000000002       0.85410007012509903     
   9.7500000000000000       0.85410009556427269     
   9.7599999999999998       0.85410012066214414     
   9.7699999999999996       0.85410014542329249     
   9.7799999999999994       0.85410016985223536     
   9.7900000000000009       0.85410019395342973     
   9.8000000000000007       0.85410021773127287     
   9.8100000000000005       0.85410024119010297     
   9.8200000000000003       0.85410026433419994     
   9.8300000000000001       0.85410028716778641     
   9.8399999999999999       0.85410030969502837     
   9.8499999999999996       0.85410033192003576     
   9.8599999999999994       0.85410035384686356     
   9.8700000000000010       0.85410037547951223     
   9.8800000000000008       0.85410039682192862     
   9.8900000000000006       0.85410041787800661     
   9.9000000000000004       0.85410043865158780     
   9.9100000000000001       0.85410045914646227     
   9.9199999999999999       0.85410047936636924     
   9.9299999999999997       0.85410049931499787     
   9.9399999999999995       0.85410051899598760     
   9.9500000000000011       0.85410053841292932     
   9.9600000000000009       0.85410055756936554     
   9.9700000000000006       0.85410057646879123     
   9.9800000000000004       0.85410059511465464     
   9.9900000000000002       0.85410061351035771     
   10.000000000000000       0.85410063165925665     
